%YAML:1.0
pose_0: !!opencv-nd-matrix
   sizes: [ 1, 18, 3 ]
   dt: f
   data: [ 2.20198145e+03, 5.59099854e+02, 9.82219875e-01,
       2.20210889e+03, 9.61671509e+02, 7.56835222e-01, 1.77493848e+03,
       9.45270203e+02, 6.75591946e-01, 1.33131042e+03, 7.06776978e+02,
       7.52189636e-01, 1.65153674e+03, 2.38468521e+02, 7.26442814e-01,
       2.62952075e+03, 9.61586304e+02, 6.02097094e-01, 3.16351636e+03,
       7.56300720e+02, 7.85195112e-01, 2.81869873e+03, 2.87692963e+02,
       7.04254508e-01, 1.90634839e+03, 2.35832080e+03, 4.10846859e-01,
       1.96394189e+03, 2.99960498e+03, 1.14570647e-01, 0., 0., 0.,
       2.43243628e+03, 2.35840137e+03, 3.81418586e-01, 2.44888623e+03,
       2.99954663e+03, 9.44446996e-02, 0., 0., 0., 2.12024243e+03,
       4.93403107e+02, 9.38586354e-01, 2.28444360e+03, 5.01263489e+02,
       8.95990133e-01, 1.99636719e+03, 5.99999451e+02, 9.20956075e-01,
       2.40788770e+03, 6.16032043e+02, 9.01062965e-01 ]
