%YAML:1.0
pose_0: !!opencv-nd-matrix
   sizes: [ 1, 18, 3 ]
   dt: f
   data: [ 5.86913818e+02, 1.91721497e+02, 9.50468659e-01,
       5.86994263e+02, 2.68031464e+02, 7.59564877e-01, 4.85227356e+02,
       2.60267395e+02, 6.22370064e-01, 3.34495422e+02, 2.72020935e+02,
       7.11255074e-01, 1.91704453e+02, 2.73890625e+02, 8.34366024e-01,
       6.86729675e+02, 2.72025085e+02, 6.65937483e-01, 8.19790222e+02,
       2.89479950e+02, 9.34638202e-01, 7.88559021e+02, 1.60440399e+02,
       7.98575699e-01, 4.91135712e+02, 6.08494263e+02, 3.53980362e-01,
       0., 0., 0., 0., 0., 0., 6.47571045e+02, 6.24112915e+02,
       2.92155087e-01, 0., 0., 0., 0., 0., 0., 5.67404297e+02,
       1.72150909e+02, 8.61996055e-01, 6.08479675e+02, 1.72202194e+02,
       8.36615801e-01, 5.37954224e+02, 1.80019730e+02, 9.11161542e-01,
       6.45685913e+02, 1.81946106e+02, 8.77461731e-01 ]
