%YAML:1.0
pose_0: !!opencv-nd-matrix
   sizes: [ 1, 18, 3 ]
   dt: f
   data: [ 6.35913696e+02, 1.97606903e+02, 8.72568667e-01,
       6.35870544e+02, 3.05218597e+02, 7.88706720e-01, 5.38057739e+02,
       3.05242432e+02, 6.68291330e-01, 3.71728668e+02, 3.13009460e+02,
       5.76004028e-01, 2.17157272e+02, 3.16964905e+02, 7.75996327e-01,
       7.31764221e+02, 3.03229065e+02, 6.24008000e-01, 8.82361450e+02,
       2.85600037e+02, 8.87561440e-01, 8.49161804e+02, 1.56485657e+02,
       7.86053658e-01, 5.67382202e+02, 6.45630310e+02, 3.82113397e-01,
       0., 0., 0., 0., 0., 0., 6.90650940e+02, 6.31958374e+02,
       3.91841829e-01, 0., 0., 0., 0., 0., 0., 6.16403015e+02,
       1.78093384e+02, 9.63616610e-01, 6.61239441e+02, 1.79961655e+02,
       9.28546786e-01, 5.85039612e+02, 1.91730713e+02, 9.22058225e-01,
       6.80919312e+02, 1.93770676e+02, 9.31496024e-01 ]
