%YAML:1.0
pose_0: !!opencv-nd-matrix
   sizes: [ 1, 18, 3 ]
   dt: f
   data: [ 5.98609680e+02, 2.05462296e+02, 8.52742910e-01,
       5.98662537e+02, 2.89546906e+02, 8.01937282e-01, 5.08658508e+02,
       2.91549866e+02, 6.58260345e-01, 3.52168121e+02, 2.89522186e+02,
       6.11654222e-01, 2.07381653e+02, 3.01305542e+02, 7.31889725e-01,
       6.84762085e+02, 2.83716858e+02, 6.56699836e-01, 8.33430420e+02,
       2.83678406e+02, 8.42143774e-01, 8.19807251e+02, 1.60370422e+02,
       7.91020751e-01, 5.38049316e+02, 6.00651855e+02, 4.28145647e-01,
       0., 0., 0., 0., 0., 0., 6.63295898e+02, 6.00646301e+02,
       4.49602723e-01, 0., 0., 0., 0., 0., 0., 5.77178406e+02,
       1.82006104e+02, 8.57819438e-01, 6.16187134e+02, 1.82038193e+02,
       8.92103910e-01, 5.53768433e+02, 1.93655640e+02, 8.70769203e-01,
       6.35949585e+02, 1.91754715e+02, 8.77240181e-01 ]
