%YAML:1.0
pose_0: !!opencv-nd-matrix
   sizes: [ 1, 18, 3 ]
   dt: f
   data: [ 2.18562720e+03, 6.24618469e+02, 8.45920265e-01,
       2.18574805e+03, 1.15853210e+03, 7.69128382e-01, 1.75843994e+03,
       1.15066223e+03, 6.49489343e-01, 1.19985535e+03, 1.03533301e+03,
       8.40324879e-01, 1.26538403e+03, 4.84771942e+02, 7.58703113e-01,
       2.58836157e+03, 1.15068604e+03, 6.65665805e-01, 3.22936670e+03,
       1.01029199e+03, 8.99781883e-01, 3.12255518e+03, 4.27530945e+02,
       8.45773280e-01, 1.88190161e+03, 2.42419653e+03, 4.38988090e-01,
       1.83236426e+03, 2.99964990e+03, 1.06589459e-01, 0., 0., 0.,
       2.40780469e+03, 2.44870166e+03, 4.72557336e-01, 2.40766113e+03,
       2.99957764e+03, 1.30614430e-01, 0., 0., 0., 2.07112964e+03,
       5.58414307e+02, 9.52954173e-01, 2.26003638e+03, 5.50750671e+02,
       9.64863777e-01, 1.94737646e+03, 6.57442261e+02, 8.67326140e-01,
       2.38290405e+03, 6.32595215e+02, 8.91532660e-01 ]
