%YAML:1.0
pose_0: !!opencv-nd-matrix
   sizes: [ 1, 18, 3 ]
   dt: f
   data: [ 6.08459961e+02, 2.25026474e+02, 8.96012962e-01,
       6.02541138e+02, 2.85672516e+02, 8.19298148e-01, 5.30240662e+02,
       2.85621124e+02, 6.31074309e-01, 5.06752930e+02, 1.62442856e+02,
       6.43143177e-01, 4.83229919e+02, 1.95024967e+01, 6.28862798e-01,
       6.67240417e+02, 2.87552185e+02, 6.71451569e-01, 7.10271973e+02,
       1.62287247e+02, 8.34432781e-01, 7.00406250e+02, 2.15127945e+01,
       7.51867950e-01, 5.53740173e+02, 6.00665100e+02, 4.48916823e-01,
       5.38091675e+02, 7.14217957e+02, 5.15649021e-02, 0., 0., 0.,
       6.75006897e+02, 5.85014709e+02, 4.78749335e-01, 0., 0., 0., 0.,
       0., 0., 5.88881592e+02, 2.09238251e+02, 9.31414723e-01,
       6.24145508e+02, 2.07395355e+02, 8.74400735e-01, 5.61513489e+02,
       2.11349670e+02, 9.12113607e-01, 6.47611328e+02, 2.13306961e+02,
       9.27745283e-01 ]
