%YAML:1.0
pose_0: !!opencv-nd-matrix
   sizes: [ 1, 18, 3 ]
   dt: f
   data: [ 6.30036804e+02, 1.97574020e+02, 8.88805032e-01,
       6.28018127e+02, 2.95401428e+02, 7.29068756e-01, 5.51742188e+02,
       2.89631714e+02, 6.29588187e-01, 5.20387878e+02, 1.46660736e+02,
       3.96818876e-01, 0., 0., 0., 6.98458252e+02, 2.91563965e+02,
       6.02543056e-01, 7.27745605e+02, 1.46769821e+02, 5.57932675e-01,
       7.27823730e+02, 4.89036522e+01, 7.80092925e-02, 5.71349854e+02,
       6.04555847e+02, 4.07119095e-01, 0., 0., 0., 0., 0., 0.,
       6.90617371e+02, 6.04585632e+02, 3.87301326e-01, 7.23858215e+02,
       7.14188660e+02, 1.11177683e-01, 0., 0., 0., 6.04648438e+02,
       1.78024750e+02, 9.30306315e-01, 6.49573608e+02, 1.79938873e+02,
       9.91043270e-01, 5.75242615e+02, 1.91774429e+02, 9.16576982e-01,
       6.76944763e+02, 1.93683884e+02, 9.40780103e-01 ]
