%YAML:1.0
pose_0: !!opencv-nd-matrix
   sizes: [ 1, 18, 3 ]
   dt: f
   data: [ 5.88897827e+02, 3.30607422e+02, 9.01762843e-01,
       5.90862000e+02, 3.91325226e+02, 6.88845873e-01, 5.08720245e+02,
       3.87394196e+02, 5.60195327e-01, 4.98912018e+02, 2.56248566e+02,
       6.79673731e-01, 4.98901062e+02, 1.29060577e+02, 8.19944918e-01,
       6.71090637e+02, 3.85433380e+02, 5.71950972e-01, 6.78872803e+02,
       2.69951996e+02, 7.21328378e-01, 6.65162109e+02, 1.31010010e+02,
       8.47560942e-01, 5.06765045e+02, 7.14138855e+02, 2.28726819e-01,
       0., 0., 0., 0., 0., 0., 6.45674438e+02, 7.14143372e+02,
       2.00110883e-01, 0., 0., 0., 0., 0., 0., 5.69398804e+02,
       3.11118103e+02, 9.07469571e-01, 6.12422791e+02, 3.11112976e+02,
       8.15939307e-01, 5.40000610e+02, 3.24787231e+02, 9.56979811e-01,
       6.45633789e+02, 3.32596924e+02, 8.99201155e-01 ]
