%YAML:1.0
pose_0: !!opencv-nd-matrix
   sizes: [ 1, 18, 3 ]
   dt: f
   data: [ 2.04610571e+03, 2.22007446e+02, 8.76754999e-01,
       1.99677820e+03, 6.89953125e+02, 8.21777642e-01, 1.61899829e+03,
       6.98700134e+02, 6.38578355e-01, 9.36678894e+02, 4.27124115e+02,
       8.10537696e-01, 1.14229907e+03, 2.03884907e+01, 2.38110796e-01,
       2.35850391e+03, 6.40903015e+02, 6.39996111e-01, 3.05689136e+03,
       4.35629517e+02, 8.47994447e-01, 2.79365063e+03, 1.62969055e+01,
       5.30183256e-01, 1.69288708e+03, 2.05429688e+03, 4.15397137e-01,
       1.73374084e+03, 2.99950391e+03, 2.32631952e-01, 0., 0., 0.,
       2.26792700e+03, 2.06256714e+03, 4.31687713e-01, 2.26830420e+03,
       2.99956494e+03, 1.29429460e-01, 0., 0., 0., 1.93924146e+03,
       1.55863678e+02, 9.37024832e-01, 2.12807080e+03, 1.55745392e+02,
       9.77679849e-01, 1.79990515e+03, 2.30244873e+02, 9.50408757e-01,
       2.21034375e+03, 2.38336914e+02, 8.67409885e-01 ]
