%YAML:1.0
pose_0: !!opencv-nd-matrix
   sizes: [ 1, 18, 3 ]
   dt: f
   data: [ 2.15305371e+03, 2.62945770e+02, 8.22856724e-01,
       2.06282715e+03, 7.80785339e+02, 7.54295230e-01, 1.63536646e+03,
       7.56033875e+02, 6.55197203e-01, 1.08456030e+03, 4.27282837e+02,
       8.00155818e-01, 1.18318872e+03, 1.63459454e+01, 2.94162691e-01,
       2.47355933e+03, 7.80568542e+02, 5.96055925e-01, 3.04867261e+03,
       4.35384705e+02, 7.85367072e-01, 3.00764038e+03, 9.87175751e+01,
       4.26516682e-01, 1.80761157e+03, 2.14474072e+03, 4.27733570e-01,
       1.80808777e+03, 2.99952759e+03, 2.47081086e-01, 0., 0., 0.,
       2.34202075e+03, 2.13654297e+03, 4.14157182e-01, 2.33369214e+03,
       2.99958765e+03, 2.43467122e-01, 0., 0., 0., 2.06240894e+03,
       1.72460556e+02, 8.87642860e-01, 2.24331030e+03, 2.05315735e+02,
       8.62048686e-01, 1.87356604e+03, 2.79524384e+02, 9.48828340e-01,
       2.28438184e+03, 2.87640930e+02, 2.32135519e-01 ]
