%YAML:1.0
pose_0: !!opencv-nd-matrix
   sizes: [ 1, 18, 3 ]
   dt: f
   data: [ 6.34019348e+02, 2.09298508e+02, 9.43345785e-01,
       6.26101196e+02, 2.89606903e+02, 7.62346804e-01, 5.34113098e+02,
       2.93485748e+02, 6.06584013e-01, 3.89352264e+02, 3.20824860e+02,
       8.05202901e-01, 3.52268524e+02, 4.38288666e+02, 7.44953692e-01,
       7.16063049e+02, 2.85672455e+02, 6.59771204e-01, 8.56972839e+02,
       3.07155609e+02, 8.07362974e-01, 8.99994202e+02, 4.32372803e+02,
       8.32422197e-01, 5.69382690e+02, 6.18256409e+02, 4.02154833e-01,
       0., 0., 0., 0., 0., 0., 6.88688782e+02, 6.10431519e+02,
       4.06641632e-01, 7.16102783e+02, 7.14192871e+02, 7.41556734e-02,
       0., 0., 0., 6.16244263e+02, 1.83936157e+02, 9.11673367e-01,
       6.57427124e+02, 1.87797729e+02, 8.56174469e-01, 5.83058838e+02,
       1.95655914e+02, 9.25519943e-01, 6.80910278e+02, 1.99586487e+02,
       8.86654735e-01 ]
