%YAML:1.0
pose_0: !!opencv-nd-matrix
   sizes: [ 1, 18, 3 ]
   dt: f
   data: [ 5.98705688e+02, 2.11234665e+02, 9.27606523e-01,
       5.94813354e+02, 2.85677185e+02, 7.50442863e-01, 5.10710876e+02,
       2.87613007e+02, 6.79053009e-01, 3.65864349e+02, 3.05215271e+02,
       8.67214620e-01, 3.24782471e+02, 4.24537781e+02, 7.49949157e-01,
       6.78874268e+02, 2.85584869e+02, 6.98428869e-01, 8.06186523e+02,
       3.22862915e+02, 8.65511656e-01, 8.23676208e+02, 4.30472687e+02,
       7.92896688e-01, 5.30234314e+02, 6.02617615e+02, 4.23417032e-01,
       0., 0., 0., 0., 0., 0., 6.57404846e+02, 6.02603882e+02,
       4.51739579e-01, 0., 0., 0., 0., 0., 0., 5.75260254e+02,
       1.93634399e+02, 8.76573205e-01, 6.16211304e+02, 1.91735474e+02,
       9.30192709e-01, 5.49794067e+02, 1.97667145e+02, 8.67601275e-01,
       6.35904724e+02, 1.95663406e+02, 8.81259203e-01 ]
