%YAML:1.0
pose_0: !!opencv-nd-matrix
   sizes: [ 1, 18, 3 ]
   dt: f
   data: [ 5.77172363e+02, 2.69938934e+02, 8.62800479e-01,
       5.77145264e+02, 3.34565521e+02, 7.61893809e-01, 4.79331940e+02,
       3.36508789e+02, 6.31612122e-01, 3.38494110e+02, 3.50187897e+02,
       7.80381978e-01, 2.87566589e+02, 4.79332733e+02, 7.64322817e-01,
       6.71083740e+02, 3.32559479e+02, 5.84218979e-01, 8.27625122e+02,
       3.34642395e+02, 8.41638267e-01, 8.84332336e+02, 4.67625549e+02,
       7.76413918e-01, 5.00888367e+02, 6.84771301e+02, 3.28588933e-01,
       0., 0., 0., 0., 0., 0., 6.51542114e+02, 6.90641846e+02,
       2.83296049e-01, 0., 0., 0., 0., 0., 0., 5.55646912e+02,
       2.46501099e+02, 8.86499465e-01, 6.00709534e+02, 2.44633148e+02,
       9.12376225e-01, 5.24263916e+02, 2.56245270e+02, 9.34901476e-01,
       6.33960083e+02, 2.58207825e+02, 8.82926047e-01 ]
