%YAML:1.0
pose_0: !!opencv-nd-matrix
   sizes: [ 1, 18, 3 ]
   dt: f
   data: [ 5.85062988e+02, 3.09106812e+02, 9.67759788e-01,
       6.02568665e+02, 3.97170288e+02, 8.06381106e-01, 5.06699127e+02,
       3.77626892e+02, 5.85185289e-01, 4.92972046e+02, 2.34763000e+02,
       6.75180793e-01, 4.92977051e+02, 1.03710510e+02, 8.69579434e-01,
       6.96505127e+02, 4.12816071e+02, 7.39231229e-01, 7.10255554e+02,
       5.71258179e+02, 6.83418632e-01, 7.04321716e+02, 7.14149048e+02,
       3.56093943e-01, 5.02811462e+02, 7.14159363e+02, 1.51710913e-01,
       0., 0., 0., 0., 0., 0., 6.39772705e+02, 7.14160522e+02,
       1.54102221e-01, 0., 0., 0., 0., 0., 0., 5.67343445e+02,
       2.91496826e+02, 9.03190017e-01, 6.04591370e+02, 2.91521301e+02,
       9.25920904e-01, 5.38115723e+02, 3.03247070e+02, 9.63627934e-01,
       6.41700928e+02, 3.05264404e+02, 8.76678348e-01 ]
