%YAML:1.0
pose_0: !!opencv-nd-matrix
   sizes: [ 1, 18, 3 ]
   dt: f
   data: [ 6.00604309e+02, 2.19091736e+02, 8.81060362e-01,
       6.16236633e+02, 3.03217072e+02, 8.15741241e-01, 5.32198853e+02,
       2.89522797e+02, 6.21363997e-01, 5.22409119e+02, 1.50724548e+02,
       6.85907483e-01, 5.12581543e+02, 3.87763977e+00, 5.87689638e-01,
       6.96504272e+02, 3.13021759e+02, 7.36798346e-01, 7.08277893e+02,
       4.57771759e+02, 7.68007100e-01, 7.25908386e+02, 5.98653137e+02,
       6.71819270e-01, 5.51689087e+02, 6.04546448e+02, 4.35170770e-01,
       0., 0., 0., 0., 0., 0., 6.69123108e+02, 5.90883911e+02,
       4.47413951e-01, 0., 0., 0., 0., 0., 0., 5.77192749e+02,
       1.99533325e+02, 8.55243504e-01, 6.16290344e+02, 1.95691940e+02,
       9.69476998e-01, 5.53768799e+02, 2.11263504e+02, 9.58848059e-01,
       6.41728699e+02, 2.01545883e+02, 8.51916194e-01 ]
