%YAML:1.0
pose_0: !!opencv-nd-matrix
   sizes: [ 1, 18, 3 ]
   dt: f
   data: [ 6.33965515e+02, 1.97612350e+02, 9.11017179e-01,
       6.37824402e+02, 3.05159424e+02, 8.22774053e-01, 5.53654968e+02,
       2.95438507e+02, 6.54424429e-01, 5.10723541e+02, 1.36995804e+02,
       5.94855607e-01, 4.75359894e+02, 4.83641148e+00, 2.97212452e-01,
       7.25896667e+02, 3.14949585e+02, 7.44268000e-01, 7.39521851e+02,
       4.63709045e+02, 7.21872985e-01, 7.55206177e+02, 6.20234985e+02,
       7.72682965e-01, 5.75205994e+02, 6.10435608e+02, 3.85594040e-01,
       0., 0., 0., 0., 0., 0., 6.90658081e+02, 6.04566406e+02,
       3.95572633e-01, 0., 0., 0., 0., 0., 0., 6.16217590e+02,
       1.78086563e+02, 9.63211179e-01, 6.55401489e+02, 1.79968597e+02,
       9.37129080e-01, 5.84922913e+02, 1.93614212e+02, 9.70537364e-01,
       6.78982727e+02, 1.95622055e+02, 9.51953828e-01 ]
