%YAML:1.0
pose_0: !!opencv-nd-matrix
   sizes: [ 1, 18, 3 ]
   dt: f
   data: [ 5.98699280e+02, 2.11381210e+02, 8.85961473e-01,
       5.77163574e+02, 3.01268097e+02, 7.39755809e-01, 4.93117798e+02,
       3.16942566e+02, 7.42161036e-01, 4.91011047e+02, 4.73480103e+02,
       7.99354553e-01, 4.71539001e+02, 6.22211731e+02, 7.53657699e-01,
       6.55444092e+02, 2.75864441e+02, 6.49289489e-01, 6.80855530e+02,
       1.36959442e+02, 7.47588098e-01, 6.84816223e+02, 3.91098022e+01,
       1.48816124e-01, 5.36047241e+02, 6.10423950e+02, 3.97707403e-01,
       0., 0., 0., 0., 0., 0., 6.57363403e+02, 5.94768433e+02,
       4.65855271e-01, 0., 0., 0., 0., 0., 0., 5.79115173e+02,
       1.93736893e+02, 9.05063808e-01, 6.16323059e+02, 1.93735779e+02,
       9.48464990e-01, 5.51655762e+02, 1.97688721e+02, 8.54297280e-01,
       6.35919312e+02, 2.01561325e+02, 8.22793543e-01 ]
