%YAML:1.0
pose_0: !!opencv-nd-matrix
   sizes: [ 1, 18, 3 ]
   dt: f
   data: [ 6.33839539e+02, 1.97579880e+02, 9.29578841e-01,
       6.16345947e+02, 3.07238037e+02, 7.93554902e-01, 5.28270203e+02,
       3.18820648e+02, 7.27525592e-01, 5.10614990e+02, 4.67622375e+02,
       6.94668055e-01, 4.91081299e+02, 6.29955444e+02, 8.20306778e-01,
       6.96589417e+02, 3.03305756e+02, 6.36442065e-01, 7.25793701e+02,
       2.11354614e+02, 6.24705367e-02, 0., 0., 0., 5.69355591e+02,
       6.18248230e+02, 3.97590995e-01, 0., 0., 0., 0., 0., 0.,
       6.84789185e+02, 6.10427734e+02, 4.08026695e-01, 7.18041687e+02,
       7.14187561e+02, 1.02106586e-01, 0., 0., 0., 6.14356140e+02,
       1.78004761e+02, 9.42834258e-01, 6.53490051e+02, 1.80018387e+02,
       9.14669454e-01, 5.82980591e+02, 1.89760010e+02, 8.47545624e-01,
       6.78930725e+02, 1.95686310e+02, 1.00501812e+00 ]
