%YAML:1.0
pose_0: !!opencv-nd-matrix
   sizes: [ 1, 18, 3 ]
   dt: f
   data: [ 5.81089905e+02, 2.66101105e+02, 8.18014741e-01,
       5.65392151e+02, 3.52129608e+02, 7.67123759e-01, 4.63702545e+02,
       3.58046112e+02, 6.91398323e-01, 4.38248627e+02, 5.10689789e+02,
       7.63737917e-01, 4.14864655e+02, 6.65141296e+02, 8.48342597e-01,
       6.61267273e+02, 3.34565582e+02, 6.08230829e-01, 6.94540833e+02,
       2.15244186e+02, 7.35401332e-01, 7.10254883e+02, 7.82382813e+01,
       8.26762021e-01, 4.91101074e+02, 6.94537659e+02, 3.44967723e-01,
       0., 0., 0., 0., 0., 0., 6.47600647e+02, 6.80890869e+02,
       2.77282536e-01, 0., 0., 0., 0., 0., 0., 5.59564087e+02,
       2.46518951e+02, 8.61591339e-01, 6.02537476e+02, 2.48449448e+02,
       8.79009545e-01, 5.26373535e+02, 2.58328583e+02, 8.71222436e-01,
       6.33942749e+02, 2.66061890e+02, 8.82768333e-01 ]
