%YAML:1.0
pose_0: !!opencv-nd-matrix
   sizes: [ 1, 18, 3 ]
   dt: f
   data: [ 6.26078552e+02, 1.95740326e+02, 8.67862344e-01,
       6.24150757e+02, 3.01253784e+02, 7.57187366e-01, 5.26311340e+02,
       3.01288727e+02, 6.38659239e-01, 3.65850128e+02, 2.60255341e+02,
       7.62011468e-01, 4.28398651e+02, 1.36941071e+02, 8.03487122e-01,
       7.18041748e+02, 2.93470093e+02, 6.47281528e-01, 8.66774414e+02,
       2.93464539e+02, 6.80092216e-01, 1.01154346e+03, 2.73955444e+02,
       7.56987751e-01, 5.71307800e+02, 6.28036194e+02, 3.92219394e-01,
       0., 0., 0., 0., 0., 0., 6.92563171e+02, 6.29993713e+02,
       4.11897898e-01, 0., 0., 0., 0., 0., 0., 6.02630371e+02,
       1.78031067e+02, 9.52089667e-01, 6.47591064e+02, 1.78091385e+02,
       9.74469662e-01, 5.71244690e+02, 1.91689484e+02, 9.31298256e-01,
       6.67243835e+02, 1.93623978e+02, 8.96102071e-01 ]
