%YAML:1.0
pose_0: !!opencv-nd-matrix
   sizes: [ 1, 18, 3 ]
   dt: f
   data: [ 6.00572144e+02, 2.05425980e+02, 8.76562655e-01,
       5.96723083e+02, 2.89489746e+02, 8.01217556e-01, 5.08734955e+02,
       2.93460846e+02, 6.60976410e-01, 3.65774017e+02, 2.91538788e+02,
       8.56235743e-01, 3.50277100e+02, 1.74107422e+02, 8.16045523e-01,
       6.80848755e+02, 2.79813324e+02, 6.64064705e-01, 8.29560669e+02,
       2.81700653e+02, 6.25681341e-01, 9.64624817e+02, 2.79819244e+02,
       7.09055483e-01, 5.37998840e+02, 5.94777771e+02, 4.33813184e-01,
       0., 0., 0., 0., 0., 0., 6.63201477e+02, 5.94762451e+02,
       4.49475259e-01, 0., 0., 0., 0., 0., 0., 5.81087036e+02,
       1.82023254e+02, 8.56495023e-01, 6.16278259e+02, 1.82022751e+02,
       9.04287577e-01, 5.53719421e+02, 1.93671188e+02, 9.21509624e-01,
       6.35901306e+02, 1.91740189e+02, 8.61566186e-01 ]
