%YAML:1.0
pose_0: !!opencv-nd-matrix
   sizes: [ 1, 18, 3 ]
   dt: f
   data: [ 5.55627197e+02, 1.97637512e+02, 9.37692642e-01,
       5.59608032e+02, 2.75863953e+02, 7.53951848e-01, 4.59774475e+02,
       2.73989075e+02, 6.67404830e-01, 3.32539429e+02, 3.01295349e+02,
       8.07708144e-01, 3.52221832e+02, 1.76025360e+02, 7.91649878e-01,
       6.59339722e+02, 2.73918610e+02, 6.48351431e-01, 8.00202148e+02,
       2.71969696e+02, 7.16662765e-01, 9.48977478e+02, 2.66049469e+02,
       7.07295418e-01, 4.75458496e+02, 6.26077698e+02, 3.71387661e-01,
       0., 0., 0., 0., 0., 0., 6.35891418e+02, 6.31961426e+02,
       2.43963584e-01, 0., 0., 0., 0., 0., 0., 5.36087646e+02,
       1.80005676e+02, 9.13304150e-01, 5.77194397e+02, 1.79946136e+02,
       8.90591800e-01, 5.04773712e+02, 1.87826294e+02, 7.70547926e-01,
       6.16274719e+02, 1.93584717e+02, 8.89504552e-01 ]
