%YAML:1.0
pose_0: !!opencv-nd-matrix
   sizes: [ 1, 18, 3 ]
   dt: f
   data: [ 6.35865173e+02, 1.97591629e+02, 8.87420595e-01,
       6.29988770e+02, 3.05260712e+02, 8.00290048e-01, 5.28238220e+02,
       2.95436005e+02, 6.03833199e-01, 3.77618561e+02, 3.24825684e+02,
       7.55522847e-01, 3.26762360e+02, 4.46038269e+02, 7.74291277e-01,
       7.25878113e+02, 3.16943695e+02, 6.95276797e-01, 8.72600098e+02,
       3.22883087e+02, 8.02071154e-01, 8.86350403e+02, 1.93765518e+02,
       7.67167449e-01, 5.63488831e+02, 6.31932312e+02, 4.02382195e-01,
       0., 0., 0., 0., 0., 0., 6.88700012e+02, 6.30000793e+02,
       4.21777070e-01, 0., 0., 0., 0., 0., 0., 6.18201233e+02,
       1.77960312e+02, 9.39552963e-01, 6.63185608e+02, 1.80013840e+02,
       9.49767411e-01, 5.86907104e+02, 1.85899811e+02, 8.74615192e-01,
       6.82901062e+02, 1.95714020e+02, 9.04876888e-01 ]
