%YAML:1.0
pose_0: !!opencv-nd-matrix
   sizes: [ 1, 18, 3 ]
   dt: f
   data: [ 6.00657654e+02, 2.64123077e+02, 9.07426953e-01,
       5.86960693e+02, 3.42362579e+02, 7.81158924e-01, 4.77438293e+02,
       3.34589355e+02, 6.54741168e-01, 3.63939331e+02, 3.81513947e+02,
       8.25518966e-01, 3.07241730e+02, 5.08711761e+02, 7.53983021e-01,
       6.92586060e+02, 3.46330048e+02, 6.83501303e-01, 8.19735840e+02,
       3.85441132e+02, 8.47687900e-01, 8.37397095e+02, 2.64121216e+02,
       8.12550247e-01, 5.06761536e+02, 6.82837280e+02, 3.08328688e-01,
       0., 0., 0., 0., 0., 0., 6.63224854e+02, 6.75005005e+02,
       3.50682020e-01, 0., 0., 0., 0., 0., 0., 5.81045105e+02,
       2.42656113e+02, 8.98178577e-01, 6.20229248e+02, 2.42659790e+02,
       9.32864010e-01, 5.41938477e+02, 2.52347870e+02, 8.72187257e-01,
       6.53461243e+02, 2.56232513e+02, 8.66301894e-01 ]
