%YAML:1.0
pose_0: !!opencv-nd-matrix
   sizes: [ 1, 18, 3 ]
   dt: f
   data: [ 6.18292236e+02, 2.15246506e+02, 9.09100235e-01,
       6.06540222e+02, 2.91496552e+02, 7.73646593e-01, 5.22389038e+02,
       2.89497375e+02, 7.15563536e-01, 3.67873291e+02, 3.34625275e+02,
       8.69418323e-01, 3.40484375e+02, 4.61777374e+02, 7.92817950e-01,
       6.94547302e+02, 2.91502289e+02, 7.29346216e-01, 8.31476807e+02,
       3.36534637e+02, 8.37209702e-01, 8.39338257e+02, 2.23057846e+02,
       7.91405082e-01, 5.32193237e+02, 5.96723999e+02, 4.10041094e-01,
       0., 0., 0., 0., 0., 0., 6.57406250e+02, 6.00609131e+02,
       4.49994326e-01, 0., 0., 0., 0., 0., 0., 6.02527405e+02,
       1.95663193e+02, 9.58051085e-01, 6.35841736e+02, 1.95770004e+02,
       9.35385823e-01, 5.71301514e+02, 1.97570068e+02, 9.21653628e-01,
       6.61252014e+02, 2.07363281e+02, 8.56635571e-01 ]
