%YAML:1.0
pose_0: !!opencv-nd-matrix
   sizes: [ 1, 18, 3 ]
   dt: f
   data: [ 1.97221954e+02, 2.19511318e+01, 8.53654385e-01,
       1.88620560e+02, 7.90457077e+01, 7.31877208e-01, 1.47138046e+02,
       7.59123611e+01, 5.77054977e-01, 8.53211594e+01, 4.07294197e+01,
       7.20546365e-01, 0., 0., 0., 2.27731247e+02, 8.21680832e+01,
       5.45715988e-01, 2.80175903e+02, 5.86898193e+01, 7.14548349e-01,
       0., 0., 0., 1.57309006e+02, 2.10516724e+02, 3.98580879e-01,
       1.46326157e+02, 2.81742249e+02, 2.08565533e-01, 0., 0., 0.,
       2.07386963e+02, 2.09745193e+02, 4.26398903e-01, 2.26942459e+02,
       2.69216003e+02, 2.55689710e-01, 0., 0., 0., 1.88619888e+02,
       1.48861942e+01, 8.70077133e-01, 2.06601028e+02, 1.64638195e+01,
       8.37614059e-01, 1.72212143e+02, 2.27015896e+01, 8.16409767e-01,
       2.13659821e+02, 2.74103031e+01, 6.98057473e-01 ]
