%YAML:1.0
pose_0: !!opencv-nd-matrix
   sizes: [ 1, 18, 3 ]
   dt: f
   data: [ 5.83027649e+02, 2.11286942e+02, 8.96971166e-01,
       5.79146851e+02, 2.91510956e+02, 7.69766569e-01, 4.93107330e+02,
       3.05278931e+02, 7.07774639e-01, 3.56116821e+02, 3.16919189e+02,
       8.10348868e-01, 3.54180206e+02, 1.91688461e+02, 8.02277923e-01,
       6.65171875e+02, 2.75854828e+02, 7.07047462e-01, 7.92466187e+02,
       3.30603516e+02, 8.33378375e-01, 7.90480774e+02, 4.59693176e+02,
       8.03532124e-01, 5.36083984e+02, 6.00673218e+02, 4.48351085e-01,
       0., 0., 0., 0., 0., 0., 6.61256653e+02, 6.04578125e+02,
       4.37155932e-01, 0., 0., 0., 0., 0., 0., 5.65399109e+02,
       1.91762634e+02, 8.86374891e-01, 6.00654846e+02, 1.95600937e+02,
       9.61439252e-01, 5.30209961e+02, 1.93758835e+02, 8.82954359e-01,
       6.18233643e+02, 2.07380508e+02, 8.30167234e-01 ]
