%YAML:1.0
pose_0: !!opencv-nd-matrix
   sizes: [ 1, 18, 3 ]
   dt: f
   data: [ 6.18339478e+02, 2.01520493e+02, 8.85904312e-01,
       6.24155212e+02, 3.13011292e+02, 7.44284511e-01, 5.24393860e+02,
       3.24805603e+02, 6.37452602e-01, 3.69782593e+02, 3.52109985e+02,
       7.68426061e-01, 3.46269653e+02, 2.11249649e+02, 7.80382276e-01,
       7.23926392e+02, 2.97388672e+02, 6.51645005e-01, 8.52982117e+02,
       3.22842865e+02, 8.27243924e-01, 9.00104553e+02, 4.40209106e+02,
       7.68904805e-01, 5.71252136e+02, 6.20211670e+02, 3.83669734e-01,
       0., 0., 0., 0., 0., 0., 6.94546204e+02, 6.16287720e+02,
       4.20208693e-01, 7.19973022e+02, 7.14201538e+02, 6.01810813e-02,
       0., 0., 0., 6.00609802e+02, 1.79924561e+02, 9.69791710e-01,
       6.39811157e+02, 1.80053406e+02, 9.01199222e-01, 5.69284180e+02,
       1.93641876e+02, 9.38419759e-01, 6.65276855e+02, 1.93721985e+02,
       9.43452179e-01 ]
