%YAML:1.0
pose_0: !!opencv-nd-matrix
   sizes: [ 1, 18, 3 ]
   dt: f
   data: [ 6.14338196e+02, 2.60262695e+02, 9.04080272e-01,
       6.06548889e+02, 3.48255402e+02, 7.45030820e-01, 5.00859436e+02,
       3.42360474e+02, 5.86655200e-01, 3.58046967e+02, 3.50279297e+02,
       8.06643963e-01, 3.48266296e+02, 2.09396408e+02, 8.25197756e-01,
       7.14112000e+02, 3.52110596e+02, 6.52600110e-01, 8.39316833e+02,
       4.10833038e+02, 7.90694058e-01, 8.47133362e+02, 5.53609680e+02,
       7.42743373e-01, 5.18471375e+02, 6.84786194e+02, 2.69747347e-01,
       0., 0., 0., 0., 0., 0., 6.69152283e+02, 6.73049255e+02,
       3.68863374e-01, 0., 0., 0., 0., 0., 0., 5.90895203e+02,
       2.42603256e+02, 9.01025951e-01, 6.33944519e+02, 2.40744888e+02,
       9.79356349e-01, 5.57571106e+02, 2.50425735e+02, 8.70805025e-01,
       6.69144165e+02, 2.52394409e+02, 8.36171031e-01 ]
