%YAML:1.0
pose_0: !!opencv-nd-matrix
   sizes: [ 1, 18, 3 ]
   dt: f
   data: [ 6.16214661e+02, 3.13023926e+02, 9.01475489e-01,
       6.14378052e+02, 3.77622345e+02, 7.83302784e-01, 5.20408203e+02,
       3.65818451e+02, 7.14674950e-01, 4.28503967e+02, 2.62147949e+02,
       8.04671705e-01, 5.20393860e+02, 1.60361343e+02, 7.67041206e-01,
       7.04334839e+02, 3.83531403e+02, 6.66879117e-01, 8.21783508e+02,
       3.20970978e+02, 8.83216798e-01, 7.57246887e+02, 1.93694641e+02,
       7.90213466e-01, 5.10690094e+02, 6.94533386e+02, 2.84876823e-01,
       0., 0., 0., 0., 0., 0., 6.51546143e+02, 7.14150208e+02,
       1.73344567e-01, 0., 0., 0., 0., 0., 0., 5.94762268e+02,
       2.89618927e+02, 8.89763594e-01, 6.33994873e+02, 2.91493134e+02,
       8.92914772e-01, 5.63513428e+02, 2.91572357e+02, 8.82721841e-01,
       6.67194946e+02, 3.01280426e+02, 8.81536067e-01 ]
