%YAML:1.0
pose_0: !!opencv-nd-matrix
   sizes: [ 1, 18, 3 ]
   dt: f
   data: [ 6.12401367e+02, 3.18900818e+02, 9.06689703e-01,
       6.08495605e+02, 4.03069885e+02, 7.60542929e-01, 5.20414063e+02,
       4.08897614e+02, 6.39794350e-01, 3.67774261e+02, 3.79585846e+02,
       8.71831477e-01, 3.48209137e+02, 2.52403091e+02, 7.76352406e-01,
       6.96556702e+02, 3.99140411e+02, 7.09013462e-01, 8.53135559e+02,
       3.87369720e+02, 8.10834050e-01, 8.51016296e+02, 2.56265198e+02,
       6.98586345e-01, 5.55667725e+02, 6.51534912e+02, 2.45905772e-01,
       0., 0., 0., 0., 0., 0., 6.82864441e+02, 6.53480774e+02,
       2.40757287e-01, 0., 0., 0., 0., 0., 0., 5.88975159e+02,
       3.01246796e+02, 8.89305592e-01, 6.29990784e+02, 2.99373016e+02,
       8.79679501e-01, 5.63499817e+02, 3.07167847e+02, 8.46433759e-01,
       6.49656677e+02, 3.05212036e+02, 8.19451690e-01 ]
