%YAML:1.0
pose_0: !!opencv-nd-matrix
   sizes: [ 1, 18, 3 ]
   dt: f
   data: [ 6.18183533e+02, 2.13257111e+02, 9.24983501e-01,
       6.26052734e+02, 2.95471161e+02, 7.52440870e-01, 5.38052429e+02,
       3.01322174e+02, 7.03655601e-01, 3.87398285e+02, 2.75862701e+02,
       8.29728365e-01, 3.71784668e+02, 1.54555847e+02, 7.62749255e-01,
       7.10269714e+02, 2.89611603e+02, 7.32862413e-01, 8.51127014e+02,
       3.03271759e+02, 9.08825994e-01, 8.49123230e+02, 1.62472412e+02,
       8.15413237e-01, 5.53637268e+02, 5.69360962e+02, 4.91324097e-01,
       4.77376862e+02, 6.47631287e+02, 1.61305323e-01, 0., 0., 0.,
       6.80849915e+02, 6.00679077e+02, 3.69532585e-01, 0., 0., 0., 0.,
       0., 0., 6.00541321e+02, 1.95632050e+02, 9.53812361e-01,
       6.33887695e+02, 1.93716766e+02, 9.98514175e-01, 5.73241150e+02,
       2.09341553e+02, 9.04684722e-01, 6.63180786e+02, 1.97656815e+02,
       9.29341495e-01 ]
