%YAML:1.0
pose_0: !!opencv-nd-matrix
   sizes: [ 1, 18, 3 ]
   dt: f
   data: [ 9.44977112e+02, 2.93637970e+02, 8.74512076e-01,
       9.47953613e+02, 4.28405518e+02, 8.50830913e-01, 8.36435425e+02,
       4.31528595e+02, 7.59283662e-01, 6.45792603e+02, 4.05037842e+02,
       8.56747568e-01, 6.66145081e+02, 2.46409363e+02, 8.49949241e-01,
       1.05647827e+03, 4.16810974e+02, 7.02314794e-01, 1.23849902e+03,
       4.04938202e+02, 8.58976245e-01, 1.18866309e+03, 2.46407181e+02,
       8.11525166e-01, 8.77504517e+02, 8.07045044e+02, 4.79041517e-01,
       8.77390381e+02, 1.07127881e+03, 2.60770440e-01, 0., 0., 0.,
       1.03594019e+03, 8.04148499e+02, 4.91972834e-01, 1.04488708e+03,
       1.07125000e+03, 3.40015978e-01, 0., 0., 0., 9.21456665e+02,
       2.75820557e+02, 8.78083289e-01, 9.62650635e+02, 2.73008789e+02,
       8.55597794e-01, 8.80589355e+02, 2.93433380e+02, 9.65601742e-01,
       9.94915405e+02, 2.90572632e+02, 1.00018978e+00 ]
