%YAML:1.0
pose_0: !!opencv-nd-matrix
   sizes: [ 1, 18, 3 ]
   dt: f
   data: [ 5.83010254e+02, 3.05323456e+02, 8.57690036e-01,
       5.79133545e+02, 3.95197998e+02, 7.76869118e-01, 4.89100250e+02,
       3.91329681e+02, 6.33457184e-01, 3.38450104e+02, 3.46317566e+02,
       8.03992987e-01, 3.32545837e+02, 2.11259918e+02, 7.99015164e-01,
       6.69120483e+02, 3.95235504e+02, 6.36240959e-01, 8.21770752e+02,
       3.67872864e+02, 8.62439811e-01, 8.11979614e+02, 2.32810669e+02,
       7.49145269e-01, 5.10632843e+02, 6.31961121e+02, 2.56170303e-01,
       0., 0., 0., 0., 0., 0., 6.35844971e+02, 6.45646484e+02,
       2.73248255e-01, 0., 0., 0., 0., 0., 0., 5.61489502e+02,
       2.89603424e+02, 9.00781751e-01, 6.00572937e+02, 2.87682190e+02,
       9.44437385e-01, 5.37935852e+02, 3.05149506e+02, 9.30209637e-01,
       6.28040100e+02, 3.01327850e+02, 8.85728419e-01 ]
