%YAML:1.0
pose_0: !!opencv-nd-matrix
   sizes: [ 2, 18, 3 ]
   dt: f
   data: [ 5.88919739e+02, 2.11247955e+02, 9.17375863e-01,
       5.96756042e+02, 2.99303162e+02, 7.82339454e-01, 5.06745453e+02,
       3.03251770e+02, 6.75511777e-01, 3.56132996e+02, 3.09183105e+02,
       7.86707640e-01, 3.36521606e+02, 1.89797272e+02, 8.47284615e-01,
       6.80933044e+02, 2.91491394e+02, 7.19560444e-01, 8.21742310e+02,
       3.20860535e+02, 8.86623681e-01, 8.17746765e+02, 1.93644028e+02,
       7.72509933e-01, 5.40002625e+02, 6.00649353e+02, 3.95698428e-01,
       0., 0., 0., 0., 0., 0., 6.63277893e+02, 5.96722717e+02,
       4.36846763e-01, 0., 0., 0., 0., 0., 0., 5.71238464e+02,
       1.93670898e+02, 9.58523989e-01, 6.04596130e+02, 1.93593948e+02,
       9.22353387e-01, 5.41992249e+02, 2.01543533e+02, 8.62478077e-01,
       6.31879395e+02, 1.95689301e+02, 9.17415380e-01, 6.84481735e+01,
       3.18921387e+02, 7.29615390e-01, 1.95410748e+01, 3.63921783e+02,
       7.88631916e-01, 4.30914879e+01, 3.67934723e+02, 8.60179245e-01,
       5.28603172e+01, 4.34376434e+02, 6.80802703e-01, 0., 0., 0.,
       4.85719824e+00, 3.52212128e+02, 4.31816638e-01, 0., 0., 0., 0.,
       0., 0., 0., 0., 0., 0., 0., 0., 0., 0., 0., 4.87214231e+00,
       4.73489716e+02, 7.91548491e-02, 0., 0., 0., 0., 0., 0.,
       6.06882896e+01, 3.13048096e+02, 7.81465650e-01, 0., 0., 0.,
       4.10634384e+01, 3.22800903e+02, 9.26160634e-01, 0., 0., 0. ]
