%YAML:1.0
pose_0: !!opencv-nd-matrix
   sizes: [ 1, 18, 3 ]
   dt: f
   data: [ 6.35894531e+02, 1.93750519e+02, 9.25539613e-01,
       6.35838196e+02, 3.03298431e+02, 8.07025075e-01, 5.36074036e+02,
       3.01306000e+02, 6.49326801e-01, 3.67850647e+02, 2.77876373e+02,
       8.19515705e-01, 3.58011536e+02, 1.38897827e+02, 7.63037741e-01,
       7.35649597e+02, 3.05163635e+02, 6.82172894e-01, 8.74586609e+02,
       3.03294037e+02, 8.32165122e-01, 8.90247559e+02, 1.64456146e+02,
       8.10466230e-01, 5.71280640e+02, 6.08468079e+02, 3.90016496e-01,
       0., 0., 0., 0., 0., 0., 6.90639587e+02, 6.14331665e+02,
       3.84056896e-01, 0., 0., 0., 0., 0., 0., 6.16362000e+02,
       1.74076599e+02, 9.02067602e-01, 6.61309753e+02, 1.76108475e+02,
       9.23059464e-01, 5.85005798e+02, 1.83961258e+02, 8.94051790e-01,
       6.82785767e+02, 1.93605423e+02, 8.94454122e-01 ]
