%YAML:1.0
pose_0: !!opencv-nd-matrix
   sizes: [ 1, 18, 3 ]
   dt: f
   data: [ 8.74579346e+02, 3.84411194e+02, 9.43331480e-01,
       8.83474976e+02, 4.84281128e+02, 7.94647574e-01, 7.63152649e+02,
       4.81439636e+02, 7.46504724e-01, 6.16202759e+02, 4.04973267e+02,
       8.59606206e-01, 6.89754700e+02, 2.43660217e+02, 8.85326743e-01,
       9.97909058e+02, 4.84184875e+02, 7.35158026e-01, 1.15926648e+03,
       4.10980591e+02, 9.45121884e-01, 1.08879736e+03, 2.52338348e+02,
       7.83144057e-01, 7.86504150e+02, 9.24471069e+02, 3.78916144e-01,
       0., 0., 0., 0., 0., 0., 9.71485962e+02, 9.21479492e+02,
       4.16298270e-01, 0., 0., 0., 0., 0., 0., 8.48163696e+02,
       3.60930389e+02, 8.89029384e-01, 9.01005066e+02, 3.60851837e+02,
       9.52353954e-01, 8.09894714e+02, 3.69827759e+02, 9.45645511e-01,
       9.47873840e+02, 3.66938477e+02, 9.11440194e-01 ]
